1718633366
1239679277
1745757583
1094618227
1217174378
1087180924
1294604882
929735150
1683226480
1405982370
1237138383
1669123034
1718633366
1239679277
1745757583
1094618227
1217174378
1087180924
1294604882
929735150
1683226480
1405982370
1237138383
1669123034
1224469308
1122822449
1135225134
1358866153
1385218941
1496958816
1086881450
1278589986
1676068986
1132332195
1646334200
1647543293
1024192532
1465065933
1513308563
1725882574
1117777503
1138058686
1569253435
1611279945
1720336752
1523571378
1466526153
1718588174
1723256259
1782789570
1771259650
1125477566
1703112112
1621120311
1648614216
1636641687
1571298979
1478790291
664844521
1695417088
1173035981
1023672577
1510351483
1656451080
1623812760
1323060116
1153096328
1258036914
1647154583
1715552738
1005126818
1314715302
979712002
1244935435
1699061068
750755417
1367708357
1414939149
1423857192
1398428630
1008725111
1600364312
1545340779
1000086379
918307911
1718633366
1790138069
1475736018
1475736018
1623812760
1718633366
1718633366
1718633366
1718633366
1790138069
1523676353
1718633366
1523676353
1047255621
1379827841
1768501855
1117777503
1379827841
1621120311
1117777503
1117777503
1621120311
1244935435
1379827841
744348190
1695417088
1621120311
662601603
662601603
662601603
662601603
662601603
662601603
1406092749
1458476509
1458476509
823117762
823117762
1269564461
1269564461
1623812760
1365733251
1771259650
1005126818
1433241039
1433241039
975375549
975375549
1226222110
1226222110
1114836588
1114836588
1114836588
1676068986
1496958816
1368752252
1368752252
1095305422
1136184599
1136184599
1136184599
1550175661
1216641418
1738001623
1061833742
1738001623
1733021100
1216641418
1216641418
1738001623
1125477566
1647543293
1647543293
1647543293
1294836481
1366045934
1366045934
593025840
593025840
593025840
593025840
1116963155
1116963155
1771259650
1105687460
1105687460
1105687460
1105687460
1604768574
1105687460
1105687460
1105687460
1604768574
1604768574
1510351483
1510351483
1029120507
1105687460
947629693
918307911
918307911
1718633366
1590016708
626615339
918307911
1379827841
1225805271
1496746380
1590016708
